name,Appearances,Clean sheets,Wins,Losses,Goalkeeping Saves,Penalties saved,Goal Kicks,Throw outs,Sweeper clearances,Catches,High Claims,Punches,Accurate long balls,Passes per match,Passes,Assists,Team Play Goals,Fouls,Red cards,Discipline Yellow cards,Own goals,Errors leading to goal,Goals conceded,Defence Clean sheets
Petr Cech,,1,5,2,28,0,2,6,2,3,46,53,1,9,0,0,0,0,0,0,0,224,32.00,38
Bernd Leno,,2,11,4,63,0,14,8,3,9,126,141,2,28,3,0,0,0,0,0,0,614,30.70,103
Dejan Iliev,,0,0,0,0,0,0,0,0,0,0,0,0,0,0,0,0,0,0,0,0,0,0.00,0
Héctor Bellerín,,,11,4,3,21,,,,,,,,,,,,,,,,,1,0,,785,41.32,,,,,25,3,0,16,,,,,,
Laurent Koscielny,,,3,4,1,11,,,,,,,,,,,,,,,,,0,0,,467,58.38,,,,,28,1,0,5,,,,,,
Rob Holding,,,6,0,1,10,,,,,,,,,,,,,,,,,0,0,,614,61.40,,,,,34,1,0,6,,,,,,
Nacho Monreal,,,10,3,2,16,,,,,,,,,,,,,,,,,0,0,,609,46.85,,,,,12,2,0,13,,,,,,
Shkodran Mustafi,,,13,5,2,30,,,,,,,,,,,,,,,,,0,0,,1,21,,55.14,,,,,67,6,0,28,,,,,,
Konstantinos Mavropanos,,,0,1,0,0,,,,,,,,,,,,,,,,,0,0,,8,8.00,,,,,1,0,0,0,,,,,,
Sead Kolasinac,,,8,3,2,21,,,,,,,,,,,,,,,,,1,1,,613,40.87,,,,,10,3,0,14,,,,,,
Stephan Lichtsteiner,,,4,4,0,16,,,,,,,,,,,,,,,,,0,1,,386,35.09,,,,,13,2,0,10,,,,,,
Carl Jenkinson,,,1,0,0,1,,,,,,,,,,,,,,,,,0,0,,10,10.00,,,,,0,0,0,1,,,,,,
Sokratis,,,10,4,2,23,,,,,,,,,,,,,,,,,0,0,,926,57.88,,,,,71,7,0,26,,,,,,
Zech Medley,,,0,0,0,0,,,,,,,,,,,,,,,,,0,0,,0,0.00,,,,,0,0,0,0,,,,,,
Julio Pleguezuelo,,,0,0,0,0,,,,,,,,,,,,,,,,,0,0,,0,0.00,,,,,0,0,0,0,,,,,,
Jordi Osei-Tutu,,,0,0,0,0,,,,,,,,,,,,,,,,,0,0,,0,0.00,,,,,0,0,0,0,,,,,,
Mohamed Elneny,,,4,0,,,,,,,,,,,,,,97,24.25,,,,,4,0,0,1,,,,,,,,,,,,,,,,0
Henrikh Mkhitaryan,,,9,3,,,,,,,,,,,,,,436,29.07,,,,,9,0,0,16,,,,,,,,,,,,,,,,0
Aaron Ramsey,,,12,5,,,,,,,,,,,,,,508,23.09,,,,,14,0,0,14,,,,,,,,,,,,,,,,0
Mesut Özil,,,7,3,,,,,,,,,,,,,,631,45.07,,,,,17,1,0,5,,,,,,,,,,,,,,,,0
Alex Iwobi,,,13,5,,,,,,,,,,,,,,588,25.57,,,,,17,0,0,6,,,,,,,,,,,,,,,,1
Ainsley Maitland-Niles,,,13,8,,,,,,,,,,,,,,774,29.77,,,,,30,2,0,14,,,,,,,,,,,,,,,,0
Granit Xhaka,,,13,5,,,,,,,,,,,,,,1,74,,79.27,,,,,123,7,0,32,,,,,,,,,,,,,,,,2
Lucas Torreira,,,15,6,,,,,,,,,,,,,,1,29,,49.69,,,,,50,5,0,26,,,,,,,,,,,,,,,,0
Matteo Guendouzi,,,13,6,,,,,,,,,,,,,,1,09,,47.65,,,,,60,5,0,14,,,,,,,,,,,,,,,,0
Joe Willock,,,1,0,,,,,,,,,,,,,,0,0.00,,,,,0,0,0,0,,,,,,,,,,,,,,,,0
Charlie Gilmour,,,0,0,,,,,,,,,,,,,,0,0.00,,,,,0,0,0,0,,,,,,,,,,,,,,,,0
Denis Suárez,,,1,1,,,,,,,,,,,,,,17,8.50,,,,,0,0,0,0,,,,,,,,,,,,,,,,0
Alexandre Lacazette,,,14,6,,,,,,,,,,,,,,551,22.04,,,2,0,40,,,,,,
Pierre-Emerick Aubameyang,,,14,6,,,,,,,,,,,,,,518,20.72,,,0,0,11,,,,,,
Danny Welbeck,,,6,0,,,,,,,,,,,,,,54,6.75,,,0,0,3,,,,,,
Eddie Nketiah,,,1,0,,,,,,,,,,,,,,0,0.00,,,0,0,0,,,,,,
Tyreece John-Jules,,,0,0,,,,,,,,,,,,,,0,0.00,,,0,0,0,,,,,,
Bukayo Saka,,,1,0,,,,,,,,,,,,,,0,0.00,,,0,0,0,,,,,,
