name,Appearances,Clean sheets,Wins,Losses,Goalkeeping Saves,Penalties saved,Goal Kicks,Throw outs,Sweeper clearances,Catches,High Claims,Punches,Accurate long balls,Passes per match,Passes,Assists,Team Play Goals,Fouls,Red cards,Discipline Yellow cards,Own goals,Errors leading to goal,Goals conceded,Defence Clean sheets
Artur Boruc,,2,2,2,17,0,2,1,1,2,23,24,2,5,0,0,0,0,0,0,0,95,23.75,28
Asmir Begovic,,5,8,11,58,0,4,18,5,7,112,172,5,42,3,0,0,0,0,0,0,478,21.73,128
Mark Travers,,0,0,0,0,0,0,0,0,0,0,0,0,0,0,0,0,0,0,0,0,0,0.00,0
Simon Francis,,,8,8,4,24,,,,,,,,,,,,,,,,,0,0,,654,38.47,,,,,30,1,0,11,,,,,,
Steve Cook,,,10,13,7,47,,,,,,,,,,,,,,,,,1,0,,1,22,,47.00,,,,,89,2,0,15,,,,,,
Nathan Aké,,,10,13,7,47,,,,,,,,,,,,,,,,,0,0,,1,18,,45.65,,,,,54,2,0,16,,,,,,
Charlie Daniels,,,7,7,3,28,,,,,,,,,,,,,,,,,0,2,,669,41.81,,,,,29,2,0,4,,,,,,
Adam Smith,,,8,7,5,18,,,,,,,,,,,,,,,,,0,0,,588,34.59,,,,,15,3,1,11,,,,,,
Jack Simpson,,,0,0,0,0,,,,,,,,,,,,,,,,,0,0,,0,0.00,,,,,0,0,0,0,,,,,,
Diego Rico,,,1,7,0,16,,,,,,,,,,,,,,,,,0,0,,236,29.50,,,,,8,1,0,8,,,,,,
Nathaniel Clyne,,,6,2,2,5,,,,,,,,,,,,,,,,,0,0,,215,26.88,,,,,6,1,0,3,,,,,,
Chris Mepham,,,1,1,0,0,,,,,,,,,,,,,,,,,0,0,,9,4.50,,,,,0,0,0,0,,,,,,
Dan Gosling,,,8,7,,,,,,,,,,,,,,657,36.50,,,,,34,4,0,17,,,,,,,,,,,,,,,,1
Andrew Surman,,,5,9,,,,,,,,,,,,,,736,49.07,,,,,42,2,0,7,,,,,,,,,,,,,,,,0
Lewis Cook,,,6,5,,,,,,,,,,,,,,391,30.08,,,,,22,2,0,12,,,,,,,,,,,,,,,,0
Junior Stanislas,,,7,10,,,,,,,,,,,,,,454,23.89,,,,,12,1,0,4,,,,,,,,,,,,,,,,0
Ryan Fraser,,,10,13,,,,,,,,,,,,,,802,30.85,,,,,19,1,0,0,,,,,,,,,,,,,,,,0
Jordon Ibe,,,2,8,,,,,,,,,,,,,,139,10.69,,,,,3,0,0,4,,,,,,,,,,,,,,,,0
David Brooks,,,10,9,,,,,,,,,,,,,,549,24.95,,,,,11,2,0,13,,,,,,,,,,,,,,,,0
Jefferson Lerma,,,7,11,,,,,,,,,,,,,,1,00,,50.25,,,,,40,9,0,33,,,,,,,,,,,,,,,,0
Kyle Taylor,,,0,0,,,,,,,,,,,,,,0,0.00,,,,,0,0,0,0,,,,,,,,,,,,,,,,0
Nnamdi Ofoborh,,,0,0,,,,,,,,,,,,,,0,0.00,,,,,0,0,0,0,,,,,,,,,,,,,,,,0
Matt Butcher,,,0,0,0,0,,,,,,,,,,,,,,,,,0,0,,0,0.00,,,,,0,0,0,0,,,,,,
Callum Wilson,,,9,9,,,,,,,,,,,,,,311,14.81,,,3,0,32,,,,,,
Joshua King,,,9,11,,,,,,,,,,,,,,529,23.00,,,1,0,32,,,,,,
Lys Mousset,,,17,26,,,,,,,,,,,,,,307,6.02,,,2,0,22,,,,,,
Dominic Solanke,,,0,2,,,,,,,,,,,,,,31,15.50,,,0,0,0,,,,,,
Sam Surridge,,,0,0,,,,,,,,,,,,,,0,0.00,,,0,0,0,,,,,,
